0,273
0,270
3,2
3,1
3,3
10,83
10,201
10,247
10,214
10,122
10,134
10,106
10,184
11,7
11,18
173,4
173,3
8,11
8,2
8,3
173,2
173,1
173,0
171,5
171,4
171,3
171,2
171,1
171,0
168,3
168,2
168,1
168,0
167,5
167,4
167,3
167,2
167,1
167,0
166,4
166,3
166,2
166,1
166,0
165,4
165,3
165,2
165,1
165,0
164,4
164,3
164,2
164,1
164,0
163,3
163,2
163,1
163,0
12,3
20,2
12,2
20,1
12,1
11,29
11,28
11,25
11,24
11,23
20,3
11,22
11,21
11,20
11,17
11,15
11,14
11,12
11,10
11,5
11,3
19,2
19,1
11,2
11,1
19,3
10,301
10,279
10,251
10,244
10,234
10,231
10,226
10,209
10,205
10,192
10,183
10,164
10,154
10,141
10,131
10,130
10,124
10,119
18,1
10,117
18,3
10,107
10,105
14,1
10,89
10,77
10,35
10,3
14,3
10,2
13,1
10,1
9,7
